start=84.250732
volume=74.535599
